cellnumber     x-coordinate     y-coordinate       x-velocity 
         1  4.181907326E-02  2.125021458E+00  8.689083208E+01 
         2 -2.708034404E-02  2.124796629E+00  8.690633162E+01 
         3 -9.594844282E-02  2.122696161E+00  8.693146485E+01 
         4 -1.647116840E-01  2.118366957E+00  8.695483063E+01 
         5 -2.332989722E-01  2.111812592E+00  8.696922669E+01 
         6 -3.016383052E-01  2.103040695E+00  8.697967546E+01 
         7 -3.696579635E-01  2.092060566E+00  8.698708362E+01 
         8 -4.372864962E-01  2.078882694E+00  8.699249386E+01 
         9 -5.044529438E-01  2.063521862E+00  8.699650453E+01 
        10 -5.710867643E-01  2.045993805E+00  8.699955829E+01 
        11 -6.371180415E-01  2.026316881E+00  8.700193781E+01 
        12 -7.024773359E-01  2.004511833E+00  8.700382221E+01 
        13 -7.670961618E-01  1.980601549E+00  8.700533486E+01 
        14 -8.309066296E-01  1.954610944E+00  8.700655137E+01 
        15 -8.938416839E-01  1.926567554E+00  8.700754077E+01 
        16 -9.558354020E-01  1.896500587E+00  8.700834499E+01 
        17 -1.016822457E+00  1.864441633E+00  8.700899906E+01 
        18 -1.076739073E+00  1.830424428E+00  8.700952107E+01 
        19 -1.135522246E+00  1.794484735E+00  8.700993599E+01 
        20 -1.193110228E+00  1.756660104E+00  8.701025979E+01 
        21 -1.249442577E+00  1.716990232E+00  8.701049833E+01 
        22 -1.304460168E+00  1.675516963E+00  8.701065988E+01 
        23 -1.358105183E+00  1.632283568E+00  8.701074550E+01 
        24 -1.410321474E+00  1.587335587E+00  8.701075743E+01 
        25 -1.461053967E+00  1.540720224E+00  8.701069662E+01 
        26 -1.510249496E+00  1.492486238E+00  8.701056047E+01 
        27 -1.557856560E+00  1.442684412E+00  8.701035053E+01 
        28 -1.603824854E+00  1.391366959E+00  8.701006808E+01 
        29 -1.648106337E+00  1.338587403E+00  8.700971530E+01 
        30 -1.690654397E+00  1.284401655E+00  8.700929595E+01 
        31 -1.731424451E+00  1.228866220E+00  8.700880640E+01 
        32 -1.770373464E+00  1.172039270E+00  8.700825018E+01 
        33 -1.807460666E+00  1.113980651E+00  8.700761766E+01 
        34 -1.842646956E+00  1.054751158E+00  8.700691849E+01 
        35 -1.875895262E+00  9.944127202E-01  8.700616106E+01 
        36 -1.907170773E+00  9.330288172E-01  8.700533783E+01 
        37 -1.936440587E+00  8.706638217E-01  8.700443872E+01 
        38 -1.963673592E+00  8.073830009E-01  8.700345702E+01 
        39 -1.988841414E+00  7.432528138E-01  8.700237241E+01 
        40 -2.011917114E+00  6.783404350E-01  8.700117178E+01 
        41 -2.032876253E+00  6.127137542E-01  8.699988987E+01 
        42 -2.051696777E+00  5.464415550E-01  8.699866322E+01 
        43  2.696000099E+00  2.123323917E+00  8.749041814E+01 
        44  2.722500086E+00  2.123323917E+00  8.749647100E+01 
        45  2.749000072E+00  2.123323917E+00  8.750228300E+01 
        46  2.775500059E+00  2.123323917E+00  8.750784763E+01 
        47  2.802000046E+00  2.123323917E+00  8.751312622E+01 
        48  2.828500032E+00  2.123323917E+00  8.751807889E+01 
        49  2.855000019E+00  2.123323917E+00  8.752267728E+01 
        50  2.881500006E+00  2.123323917E+00  8.752692833E+01 
        51  2.907999992E+00  2.123323917E+00  8.753087319E+01 
        52  2.934499979E+00  2.123323917E+00  8.753455286E+01 
        53  2.960999966E+00  2.123323917E+00  8.753800000E+01 
        54  2.987499952E+00  2.123323917E+00  8.754123687E+01 
        55  3.013999939E+00  2.123323917E+00  8.754426109E+01 
        56  3.040499926E+00  2.123323917E+00  8.754705025E+01 
        57  3.066999912E+00  2.123323917E+00  8.754958033E+01 
        58  3.093499899E+00  2.123323917E+00  8.755183687E+01 
        59  3.119999886E+00  2.123323917E+00  8.755380749E+01 
        60  3.146500111E+00  2.123323917E+00  8.755548129E+01 
        61  3.173000097E+00  2.123323917E+00  8.755688625E+01 
        62  3.199500084E+00  2.123323917E+00  8.755805366E+01 
        63  3.226000071E+00  2.123323917E+00  8.755900070E+01 
        64  3.252500057E+00  2.123323917E+00  8.755974403E+01 
        65  3.279000044E+00  2.123323917E+00  8.756027642E+01 
        66  3.305500031E+00  2.123323917E+00  8.756059536E+01 
        67  3.332000017E+00  2.123323917E+00  8.756070223E+01 
        68  3.358500004E+00  2.123323917E+00  8.756060481E+01 
        69  3.384999990E+00  2.123323917E+00  8.756031154E+01 
        70  3.411499977E+00  2.123323917E+00  8.755982944E+01 
        71  3.437999964E+00  2.123323917E+00  8.755916498E+01 
        72  3.464499950E+00  2.123323917E+00  8.755832622E+01 
        73  3.490999937E+00  2.123323917E+00  8.755732649E+01 
        74  3.517499924E+00  2.123323917E+00  8.755617956E+01 
        75  3.543999910E+00  2.123323917E+00  8.755489008E+01 
        76  3.570499897E+00  2.123323917E+00  8.755348152E+01 
        77  3.596999884E+00  2.123323917E+00  8.755188952E+01 
        78  3.623500109E+00  2.123323917E+00  8.755044484E+01 
        79  1.424000025E+00  2.123323917E+00  8.700406777E+01 
        80  1.450500011E+00  2.123323917E+00  8.701555954E+01 
        81  1.476999998E+00  2.123323917E+00  8.702706206E+01 
        82  1.503499985E+00  2.123323917E+00  8.703861706E+01 
        83  1.529999971E+00  2.123323917E+00  8.705022221E+01 
        84  1.556499958E+00  2.123323917E+00  8.706187098E+01 
        85  1.582999945E+00  2.123323917E+00  8.707355523E+01 
        86  1.609500051E+00  2.123323917E+00  8.708526908E+01 
        87  1.636000037E+00  2.123323917E+00  8.709700658E+01 
        88  1.662500024E+00  2.123323917E+00  8.710876161E+01 
        89  1.689000010E+00  2.123323917E+00  8.712052354E+01 
        90  1.715499997E+00  2.123323917E+00  8.713228275E+01 
        91  1.741999984E+00  2.123323917E+00  8.714403156E+01 
        92  1.768499970E+00  2.123323917E+00  8.715576207E+01 
        93  1.794999957E+00  2.123323917E+00  8.716746627E+01 
        94  1.821499944E+00  2.123323917E+00  8.717913382E+01 
        95  1.848000050E+00  2.123323917E+00  8.719075530E+01 
        96  1.874500036E+00  2.123323917E+00  8.720232261E+01 
        97  1.901000023E+00  2.123323917E+00  8.721382716E+01 
        98  1.927500010E+00  2.123323917E+00  8.722526028E+01 
        99  1.953999996E+00  2.123323917E+00  8.723661245E+01 
       100  1.980499983E+00  2.123323917E+00  8.724787511E+01 
       101  2.006999969E+00  2.123323917E+00  8.725904069E+01 
       102  2.033499956E+00  2.123323917E+00  8.727010098E+01 
       103  2.059999943E+00  2.123323917E+00  8.728104793E+01 
       104  2.086499929E+00  2.123323917E+00  8.729187379E+01 
       105  2.112999916E+00  2.123323917E+00  8.730257193E+01 
       106  2.139499903E+00  2.123323917E+00  8.731313660E+01 
       107  2.165999889E+00  2.123323917E+00  8.732356150E+01 
       108  2.192500114E+00  2.123323917E+00  8.733384091E+01 
       109  2.219000101E+00  2.123323917E+00  8.734397077E+01 
       110  2.245500088E+00  2.123323917E+00  8.735394849E+01 
       111  2.272000074E+00  2.123323917E+00  8.736377225E+01 
       112  2.298500061E+00  2.123323917E+00  8.737343962E+01 
       113  2.325000048E+00  2.123323917E+00  8.738292977E+01 
       114  2.351500034E+00  2.123323917E+00  8.739218723E+01 
       115  2.378000021E+00  2.123323917E+00  8.740118310E+01 
       116  2.404500008E+00  2.123323917E+00  8.740991675E+01 
       117  2.430999994E+00  2.123323917E+00  8.741839809E+01 
       118  2.457499981E+00  2.123323917E+00  8.742663645E+01 
       119  2.483999968E+00  2.123323917E+00  8.743463934E+01 
       120  2.510499954E+00  2.123323917E+00  8.744241230E+01 
       121  2.536999941E+00  2.123323917E+00  8.744995951E+01 
       122  2.563499928E+00  2.123323917E+00  8.745728204E+01 
       123  2.589999914E+00  2.123323917E+00  8.746437822E+01 
       124  2.616499901E+00  2.123323917E+00  8.747124531E+01 
       125  2.642999887E+00  2.123323917E+00  8.747788193E+01 
       126  2.669500113E+00  2.123323917E+00  8.748427542E+01 
       127  1.212000012E+00  2.123323917E+00  8.691736174E+01 
       128  1.238499999E+00  2.123323917E+00  8.692780511E+01 
       129  1.185500026E+00  2.123323917E+00  8.690704588E+01 
       130  1.264999986E+00  2.123323917E+00  8.693837538E+01 
       131  1.159000039E+00  2.123323917E+00  8.689685646E+01 
       132  1.291499972E+00  2.123323917E+00  8.694906607E+01 
       133  1.132500052E+00  2.123323917E+00  8.688678656E+01 
       134  1.317999959E+00  2.123323917E+00  8.695986914E+01 
       135  1.105999947E+00  2.123323917E+00  8.687683187E+01 
       136  1.344499946E+00  2.123323917E+00  8.697077160E+01 
       137  1.079499960E+00  2.123323917E+00  8.686696207E+01 
       138  1.371000051E+00  2.123323917E+00  8.698178007E+01 
       139  1.052999973E+00  2.123323917E+00  8.685722341E+01 
       140  1.397500038E+00  2.123323917E+00  8.699280536E+01 
       141  1.026499987E+00  2.123323917E+00  8.684721891E+01 
       142  9.822219014E-01  2.123429060E+00  8.683971895E+01 
       143  9.644432664E-01  2.123532295E+00  8.683343693E+01 
       144  9.466639757E-01  2.123632431E+00  8.682756528E+01 
       145  9.288843274E-01  2.123730659E+00  8.682179885E+01 
       146  9.111040831E-01  2.123826504E+00  8.681619463E+01 
       147  8.933233619E-01  2.123919725E+00  8.681074531E+01 
       148  8.755422235E-01  2.124010801E+00  8.680546028E+01 
       149  8.577606678E-01  2.124099731E+00  8.680035001E+01 
       150  8.399786353E-01  2.124186516E+00  8.679542621E+01 
       151  8.221962452E-01  2.124270916E+00  8.679069838E+01 
       152  8.044134378E-01  2.124353170E+00  8.678617718E+01 
       153  7.866302729E-01  2.124433517E+00  8.678187182E+01 
       154  7.688466907E-01  2.124511480E+00  8.677779507E+01 
       155  7.510628104E-01  2.124587297E+00  8.677395714E+01 
       156  7.332785130E-01  2.124660969E+00  8.677036217E+01 
       157  7.154939175E-01  2.124732494E+00  8.676701144E+01 
       158  6.977089643E-01  2.124801636E+00  8.676390310E+01 
       159  6.799237132E-01  2.124868631E+00  8.676103651E+01 
       160  6.621381044E-01  2.124933243E+00  8.675840910E+01 
       161  6.443521380E-01  2.124995708E+00  8.675601623E+01 
       162  6.265659332E-01  2.125055552E+00  8.675385805E+01 
       163  6.087793708E-01  2.125113010E+00  8.675191514E+01 
       164  5.909925699E-01  2.125168324E+00  8.675029420E+01 
       165  1.284992546E-01  2.125142813E+00  8.684329268E+01 
       166  1.462807208E-01  2.125232697E+00  8.683460694E+01 
       167  1.640643030E-01  2.125310659E+00  8.682616629E+01 
       168  1.818495393E-01  2.125378132E+00  8.681808079E+01 
       169  1.996360719E-01  2.125435829E+00  8.681038313E+01 
       170  2.174236178E-01  2.125484467E+00  8.680309145E+01 
       171  2.352119684E-01  2.125524998E+00  8.679621419E+01 
       172  2.530008852E-01  2.125557661E+00  8.678975801E+01 
       173  2.707902789E-01  2.125583172E+00  8.678372692E+01 
       174  2.885800004E-01  2.125601530E+00  8.677812700E+01 
       175  3.063699305E-01  2.125613689E+00  8.677295733E+01 
       176  3.241599798E-01  2.125619411E+00  8.676827648E+01 
       177  3.419500291E-01  2.125619173E+00  8.676414761E+01 
       178  3.597400784E-01  2.125613213E+00  8.676049804E+01 
       179  3.775300086E-01  2.125601768E+00  8.675727920E+01 
       180  3.953197896E-01  2.125585318E+00  8.675445451E+01 
       181  4.131093919E-01  2.125564337E+00  8.675201028E+01 
       182  4.308987856E-01  2.125539064E+00  8.674995975E+01 
       183  4.486879706E-01  2.125510216E+00  8.674832290E+01 
       184  4.664769173E-01  2.125477791E+00  8.674711561E+01 
       185  4.842656553E-01  2.125442505E+00  8.674634313E+01 
       186  5.020541549E-01  2.125403881E+00  8.674598880E+01 
       187  5.198423862E-01  2.125362396E+00  8.674603101E+01 
       188  5.376303792E-01  2.125318050E+00  8.674646650E+01 
       189  5.554180741E-01  2.125270844E+00  8.674729553E+01 
       190  5.732054710E-01  2.125220776E+00  8.674854105E+01 
       191  2.033499956E+00 -2.123323917E+00  8.762811182E+01 
       192  2.059999943E+00 -2.123323917E+00  8.766078957E+01 
       193  2.086499929E+00 -2.123323917E+00  8.769330308E+01 
       194  2.112999916E+00 -2.123323917E+00  8.772563833E+01 
       195  2.139499903E+00 -2.123323917E+00  8.775777420E+01 
       196  2.165999889E+00 -2.123323917E+00  8.778968962E+01 
       197  2.192500114E+00 -2.123323917E+00  8.782136156E+01 
       198  2.219000101E+00 -2.123323917E+00  8.785276656E+01 
       199  2.245500088E+00 -2.123323917E+00  8.788387940E+01 
       200  2.272000074E+00 -2.123323917E+00  8.791467358E+01 
       201  2.298500061E+00 -2.123323917E+00  8.794513131E+01 
       202  2.325000048E+00 -2.123323917E+00  8.797526251E+01 
       203  2.351500034E+00 -2.123323917E+00  8.800509946E+01 
       204  2.378000021E+00 -2.123323917E+00  8.803466199E+01 
       205  2.404500008E+00 -2.123323917E+00  8.806393418E+01 
       206  2.430999994E+00 -2.123323917E+00  8.809286704E+01 
       207  2.457499981E+00 -2.123323917E+00  8.812141194E+01 
       208  2.483999968E+00 -2.123323917E+00  8.814954260E+01 
       209  2.510499954E+00 -2.123323917E+00  8.817724105E+01 
       210  2.536999941E+00 -2.123323917E+00  8.820449372E+01 
       211  2.563499928E+00 -2.123323917E+00  8.823128797E+01 
       212  2.589999914E+00 -2.123323917E+00  8.825761348E+01 
       213  2.616499901E+00 -2.123323917E+00  8.828346225E+01 
       214  2.642999887E+00 -2.123323917E+00  8.830882802E+01 
       215  2.669500113E+00 -2.123323917E+00  8.833370626E+01 
       216  2.696000099E+00 -2.123323917E+00  8.835809206E+01 
       217  2.722500086E+00 -2.123323917E+00  8.838198178E+01 
       218  2.749000072E+00 -2.123323917E+00  8.840537298E+01 
       219  2.775500059E+00 -2.123323917E+00  8.842826423E+01 
       220  2.802000046E+00 -2.123323917E+00  8.845065594E+01 
       221  2.828500032E+00 -2.123323917E+00  8.847254826E+01 
       222  2.855000019E+00 -2.123323917E+00  8.849394189E+01 
       223  2.881500006E+00 -2.123323917E+00  8.851483859E+01 
       224  2.907999992E+00 -2.123323917E+00  8.853524155E+01 
       225  2.934499979E+00 -2.123323917E+00  8.855515523E+01 
       226  2.960999966E+00 -2.123323917E+00  8.857458314E+01 
       227  2.987499952E+00 -2.123323917E+00  8.859352961E+01 
       228  3.013999939E+00 -2.123323917E+00  8.861200043E+01 
       229  3.040499926E+00 -2.123323917E+00  8.863000118E+01 
       230  3.066999912E+00 -2.123323917E+00  8.864753532E+01 
       231  3.093499899E+00 -2.123323917E+00  8.866461971E+01 
       232  3.119999886E+00 -2.123323917E+00  8.868122658E+01 
       233  1.927500010E+00 -2.123323917E+00  8.749725356E+01 
       234  1.953999996E+00 -2.123323917E+00  8.753003514E+01 
       235  1.901000023E+00 -2.123323917E+00  8.746445521E+01 
       236  1.980499983E+00 -2.123323917E+00  8.756278559E+01 
       237  1.874500036E+00 -2.123323917E+00  8.743169203E+01 
       238  2.006999969E+00 -2.123323917E+00  8.759545054E+01 
       239  1.848000050E+00 -2.123323917E+00  8.739903654E+01 
       240  1.821499944E+00 -2.123323917E+00  8.736656080E+01 
       241  1.794999957E+00 -2.123323917E+00  8.733432458E+01 
       242  1.768499970E+00 -2.123323917E+00  8.730237616E+01 
       243  1.741999984E+00 -2.123323917E+00  8.727075292E+01 
       244  1.715499997E+00 -2.123323917E+00  8.723948318E+01 
       245  1.689000010E+00 -2.123323917E+00  8.720858808E+01 
       246  1.662500024E+00 -2.123323917E+00  8.717808964E+01 
       247  1.636000037E+00 -2.123323917E+00  8.714801127E+01 
       248  1.609500051E+00 -2.123323917E+00  8.711837780E+01 
       249  1.582999945E+00 -2.123323917E+00  8.708921391E+01 
       250  1.556499958E+00 -2.123323917E+00  8.706054186E+01 
       251  1.529999971E+00 -2.123323917E+00  8.703238824E+01 
       252  1.503499985E+00 -2.123323917E+00  8.700478442E+01 
       253  1.476999998E+00 -2.123323917E+00  8.697776754E+01 
       254  1.450500011E+00 -2.123323917E+00  8.695138072E+01 
       255  1.424000025E+00 -2.123323917E+00  8.692566816E+01 
       256  1.397500038E+00 -2.123323917E+00  8.690068022E+01 
       257  1.371000051E+00 -2.123323917E+00  8.687647080E+01 
       258  1.344499946E+00 -2.123323917E+00  8.685308299E+01 
       259  1.317999959E+00 -2.123323917E+00  8.683054513E+01 
       260  1.291499972E+00 -2.123323917E+00  8.680887521E+01 
       261  1.264999986E+00 -2.123323917E+00  8.678808127E+01 
       262  1.238499999E+00 -2.123323917E+00  8.676818278E+01 
       263  1.212000012E+00 -2.123323917E+00  8.674925011E+01 
       264  1.185500026E+00 -2.123323917E+00  8.673134633E+01 
       265  1.159000039E+00 -2.123323917E+00  8.671451024E+01 
       266  1.132500052E+00 -2.123323917E+00  8.669878693E+01 
       267  1.105999947E+00 -2.123323917E+00  8.668423205E+01 
       268  1.079499960E+00 -2.123323917E+00  8.667091542E+01 
       269  1.052999973E+00 -2.123323917E+00  8.665900295E+01 
       270  1.026499987E+00 -2.123323917E+00  8.664852347E+01 
       271  9.822154045E-01 -2.123367786E+00  8.663946933E+01 
       272  3.146500111E+00 -2.123323917E+00  8.869746570E+01 
       273  3.173000097E+00 -2.123323917E+00  8.871345099E+01 
       274  3.199500084E+00 -2.123323917E+00  8.872900260E+01 
       275  3.226000071E+00 -2.123323917E+00  8.874415741E+01 
       276  3.252500057E+00 -2.123323917E+00  8.875892960E+01 
       277  3.279000044E+00 -2.123323917E+00  8.877333619E+01 
       278  3.305500031E+00 -2.123323917E+00  8.878739444E+01 
       279  3.332000017E+00 -2.123323917E+00  8.880112307E+01 
       280  3.358500004E+00 -2.123323917E+00  8.881454022E+01 
       281  3.384999990E+00 -2.123323917E+00  8.882766541E+01 
       282  3.411499977E+00 -2.123323917E+00  8.884051855E+01 
       283  3.437999964E+00 -2.123323917E+00  8.885312198E+01 
       284  3.464499950E+00 -2.123323917E+00  8.886550012E+01 
       285  3.490999937E+00 -2.123323917E+00  8.887767987E+01 
       286  3.517499924E+00 -2.123323917E+00  8.888968316E+01 
       287  3.543999910E+00 -2.123323917E+00  8.890156729E+01 
       288  3.570499897E+00 -2.123323917E+00  8.891323302E+01 
       289  3.596999884E+00 -2.123323917E+00  8.892513280E+01 
       290  3.623500109E+00 -2.123323917E+00  8.893471448E+01 
       291 -8.316172361E-01 -1.953894854E+00  8.687074703E+01 
       292 -8.945922256E-01 -1.925813556E+00  8.687620028E+01 
       293 -9.566235542E-01 -1.895706058E+00  8.688151178E+01 
       294 -1.017645955E+00 -1.863603592E+00  8.688668595E+01 
       295 -1.077595115E+00 -1.829540133E+00  8.689172305E+01 
       296 -1.136408210E+00 -1.793551683E+00  8.689662854E+01 
       297 -1.194023252E+00 -1.755675673E+00  8.690140034E+01 
       298 -1.250379562E+00 -1.715952158E+00  8.690603683E+01 
       299 -1.305418134E+00 -1.674422979E+00  8.691054199E+01 
       300 -1.359080911E+00 -1.631131649E+00  8.691491237E+01 
       301 -1.411311626E+00 -1.586123705E+00  8.691914644E+01 
       302 -1.462055087E+00 -1.539446712E+00  8.692324946E+01 
       303 -1.511258125E+00 -1.491149306E+00  8.692721782E+01 
       304 -1.558868885E+00 -1.441282511E+00  8.693105077E+01 
       305 -1.604837418E+00 -1.389898777E+00  8.693475554E+01 
       306 -1.649115205E+00 -1.337051868E+00  8.693832878E+01 
       307 -1.691655755E+00 -1.282797575E+00  8.694177047E+01 
       308 -1.732414484E+00 -1.227192760E+00  8.694509016E+01 
       309 -1.771348119E+00 -1.170295715E+00  8.694828495E+01 
       310 -1.808415890E+00 -1.112166524E+00  8.695135503E+01 
       311 -1.843578935E+00 -1.052866101E+00  8.695431227E+01 
       312 -1.876799822E+00 -9.924566746E-01  8.695715450E+01 
       313 -1.908043981E+00 -9.310017824E-01  8.695988115E+01 
       314 -1.937278152E+00 -8.685659170E-01  8.696250618E+01 
       315 -1.964471579E+00 -8.052145243E-01  8.696502863E+01 
       316 -1.989595532E+00 -7.410141826E-01  8.696744590E+01 
       317 -2.012623310E+00 -6.760321856E-01  8.696977380E+01 
       318 -2.033530235E+00 -6.103365421E-01  8.697201486E+01 
       319 -2.052294254E+00 -5.439960361E-01  8.697416501E+01 
       320 -2.068894625E+00 -4.770802557E-01  8.697624132E+01 
       321 -2.083313704E+00 -4.096592367E-01  8.697824285E+01 
       322 -2.095535278E+00 -3.418039083E-01  8.698016617E+01 
       323 -2.105545998E+00 -2.735856473E-01  8.698202566E+01 
       324 -2.113334417E+00 -2.050764263E-01  8.698382675E+01 
       325 -2.118891239E+00 -1.363487244E-01  8.698555745E+01 
       326 -2.122210264E+00 -6.747547537E-02  8.698723465E+01 
       327 -2.122122765E+00  7.036081702E-02  8.698886917E+01 
       328 -2.118719578E+00  1.391769648E-01  8.699044803E+01 
       329 -2.113081694E+00  2.078452706E-01  8.699196747E+01 
       330 -2.105216503E+00  2.762930691E-01  8.699344222E+01 
       331 -2.095132828E+00  3.444480300E-01  8.699485272E+01 
       332 -2.082841873E+00  4.122384191E-01  8.699618996E+01 
       333 -2.068357944E+00  4.795931578E-01  8.699753698E+01 
       334 -7.031017542E-01 -2.003861904E+00  8.685941234E+01 
       335 -7.677646875E-01 -1.979920149E+00  8.686522173E+01 
       336 -6.376965046E-01 -2.025695324E+00  8.685349643E+01 
       337 -5.716176629E-01 -2.045397520E+00  8.684743171E+01 
       338 -5.049346685E-01 -2.062947273E+00  8.684120667E+01 
       339 -4.377177656E-01 -2.078326464E+00  8.683480952E+01 
       340 -3.700376153E-01 -2.091518879E+00  8.682821035E+01 
       341 -3.019652963E-01 -2.102510929E+00  8.682138119E+01 
       342 -2.335724980E-01 -2.111290693E+00  8.681429113E+01 
       343 -1.649310887E-01 -2.117848873E+00  8.680690706E+01 
       344 -9.611326456E-02 -2.122178793E+00  8.679918379E+01 
       345 -2.719027735E-02 -2.124276400E+00  8.679120051E+01 
       346  4.176411405E-02 -2.124493361E+00  8.678269384E+01 
       347  1.285050213E-01 -2.124548435E+00  8.677448965E+01 
       348  1.462903768E-01 -2.124583483E+00  8.676826021E+01 
       349  1.640763134E-01 -2.124609709E+00  8.676227447E+01 
       350  1.818626225E-01 -2.124628305E+00  8.675616009E+01 
       351  1.996491402E-01 -2.124640942E+00  8.675004928E+01 
       352  2.174357772E-01 -2.124648094E+00  8.674395857E+01 
       353  2.352224588E-01 -2.124650478E+00  8.673790110E+01 
       354  2.530091405E-01 -2.124648571E+00  8.673188789E+01 
       355  2.707957923E-01 -2.124643326E+00  8.672592728E+01 
       356  2.885823846E-01 -2.124634743E+00  8.672003036E+01 
       357  3.063689470E-01 -2.124623775E+00  8.671420798E+01 
       358  3.241554499E-01 -2.124610186E+00  8.670847119E+01 
       359  3.419418633E-01 -2.124594688E+00  8.670283064E+01 
       360  3.597282171E-01 -2.124577522E+00  8.669729642E+01 
       361  3.775145411E-01 -2.124558926E+00  8.669187846E+01 
       362  3.953007758E-01 -2.124539137E+00  8.668658662E+01 
       363  4.130869806E-01 -2.124517679E+00  8.668143076E+01 
       364  4.308731258E-01 -2.124495029E+00  8.667642200E+01 
       365  4.486591518E-01 -2.124470711E+00  8.667157069E+01 
       366  4.664451182E-01 -2.124444723E+00  8.666688598E+01 
       367  4.842309654E-01 -2.124417067E+00  8.666237797E+01 
       368  5.020167232E-01 -2.124387980E+00  8.665805683E+01 
       369  5.198024511E-01 -2.124357700E+00  8.665393064E+01 
       370  5.375880599E-01 -2.124326468E+00  8.665000728E+01 
       371  5.553736687E-01 -2.124294281E+00  8.664629563E+01 
       372  5.731591582E-01 -2.124261379E+00  8.664280506E+01 
       373  5.909446478E-01 -2.124227762E+00  8.663954312E+01 
       374  6.087300181E-01 -2.124193192E+00  8.663651779E+01 
       375  6.265153885E-01 -2.124158144E+00  8.663373706E+01 
       376  6.443006992E-01 -2.124122381E+00  8.663120837E+01 
       377  6.620859504E-01 -2.124086142E+00  8.662894008E+01 
       378  6.798712015E-01 -2.124049187E+00  8.662693963E+01 
       379  6.976563931E-01 -2.124011993E+00  8.662521469E+01 
       380  7.154415846E-01 -2.123974562E+00  8.662377243E+01 
       381  7.332267165E-01 -2.123936653E+00  8.662261993E+01 
       382  7.510117888E-01 -2.123898268E+00  8.662176548E+01 
       383  7.687969208E-01 -2.123859644E+00  8.662121581E+01 
       384  7.865819335E-01 -2.123820782E+00  8.662097726E+01 
       385  8.043669462E-01 -2.123781443E+00  8.662105508E+01 
       386  8.221519589E-01 -2.123741627E+00  8.662145411E+01 
       387  8.399369121E-01 -2.123701811E+00  8.662218045E+01 
       388  8.577218652E-01 -2.123661518E+00  8.662323691E+01 
       389  8.755068183E-01 -2.123620987E+00  8.662462522E+01 
       390  8.932916522E-01 -2.123579979E+00  8.662634520E+01 
       391  9.110764861E-01 -2.123538256E+00  8.662839535E+01 
       392  9.288612604E-01 -2.123496294E+00  8.663077911E+01 
       393  9.466460347E-01 -2.123454094E+00  8.663347463E+01 
       394  9.644306898E-01 -2.123410940E+00  8.663654502E+01 
