cellnumber     x-coordinate     y-coordinate       x-velocity 
         1  9.920552373E-02 -4.567793757E-02  2.436845996E+01 
         2  1.017621160E-01 -4.600472003E-02  2.418353154E+01 
         3  1.043201387E-01 -4.631969333E-02  2.397336709E+01 
         4  1.068794727E-01 -4.662343487E-02  2.376322024E+01 
         5  1.094400212E-01 -4.691650346E-02  2.340460088E+01 
         6  1.195912883E-01 -4.793215543E-02  2.290869098E+01 
         7  1.373503804E-01 -4.947372526E-02  2.263856089E+01 
         8  1.551383287E-01 -5.064362660E-02  2.210671965E+01 
         9  1.729444414E-01 -5.150198191E-02  2.147209502E+01 
        10  1.907615960E-01 -5.209827796E-02  2.088286710E+01 
        11  2.085849047E-01 -5.247173086E-02  2.035198830E+01 
        12  2.264112383E-01 -5.265289918E-02  1.988629649E+01 
        13  2.442385256E-01 -5.266578123E-02  1.946511175E+01 
        14  2.620652616E-01 -5.253117904E-02  1.908132770E+01 
        15  2.798906267E-01 -5.226776376E-02  1.872515475E+01 
        16  2.977139652E-01 -5.189295858E-02  1.839637544E+01 
        17  3.155350685E-01 -5.142258853E-02  1.809936766E+01 
        18  3.333537877E-01 -5.087048560E-02  1.783440102E+01 
        19  3.511702418E-01 -5.024817958E-02  1.760369721E+01 
        20  3.689844310E-01 -4.956499115E-02  1.740319205E+01 
        21  3.867964745E-01 -4.882779345E-02  1.723118386E+01 
        22  4.046063721E-01 -4.803994671E-02  1.708588828E+01 
        23  4.224138260E-01 -4.719932750E-02  1.695698769E+01 
        24  4.402184486E-01 -4.630034417E-02  1.681609364E+01 
        25  4.580197930E-01 -4.533854872E-02  1.665128413E+01 
        26  4.758175910E-01 -4.431374744E-02  1.645674038E+01 
        27  4.936120212E-01 -4.323147237E-02  1.624717609E+01 
        28  5.114033222E-01 -4.209964722E-02  1.604447666E+01 
        29  5.291919112E-01 -4.092562571E-02  1.585813151E+01 
        30  5.469781160E-01 -3.971520066E-02  1.568982362E+01 
        31  5.647619963E-01 -3.847239166E-02  1.553465271E+01 
        32  5.825437903E-01 -3.719970956E-02  1.538979440E+01 
        33  6.003235579E-01 -3.589863330E-02  1.524817916E+01 
        34  6.181012988E-01 -3.457056358E-02  1.510530072E+01 
        35  6.358771920E-01 -3.321734816E-02  1.495990255E+01 
        36  6.536513567E-01 -3.184160218E-02  1.481462318E+01 
        37  6.714239120E-01 -3.044628352E-02  1.467089440E+01 
        38  6.891952157E-01 -2.903419919E-02  1.453029685E+01 
        39  7.069653273E-01 -2.760735527E-02  1.439430615E+01 
        40  7.247343063E-01 -2.616674267E-02  1.425979245E+01 
        41  7.425022125E-01 -2.471255884E-02  1.412307592E+01 
        42  7.602689266E-01 -2.324454673E-02  1.397918473E+01 
        43  7.780345082E-01 -2.176248282E-02  1.382611631E+01 
        44  7.957988977E-01 -2.026647888E-02  1.366194962E+01 
        45  8.135622144E-01 -1.875719428E-02  1.348496673E+01 
        46  8.313244581E-01 -1.723597571E-02  1.329368518E+01 
        47  8.490858674E-01 -1.570449583E-02  1.308860234E+01 
        48  8.668463826E-01 -1.416245382E-02  1.286864947E+01 
        49  8.846054673E-01 -1.260506641E-02  1.261959888E+01 
        50  9.023627043E-01 -1.102602202E-02  1.230487531E+01 
        51  9.201183319E-01 -9.428979829E-03  1.189777299E+01 
        52  9.378730059E-01 -7.822225802E-03  1.142255675E+01 
        53  9.556258321E-01 -6.193864159E-03  1.084306190E+01 
        54  9.733767509E-01 -4.546137061E-03  1.026590851E+01 
        55  9.911261201E-01 -2.880950691E-03  9.481230550E+00 
        56  4.770874977E-01  8.362030238E-02  1.897843773E+01 
        57  4.949885905E-01  8.220901340E-02  1.871012433E+01 
        58  5.128802657E-01  8.068291843E-02  1.845183884E+01 
        59  5.307619572E-01  7.904439420E-02  1.819242528E+01 
        60  5.486332178E-01  7.729569823E-02  1.792548932E+01 
        61  5.664936304E-01  7.543969154E-02  1.765204122E+01 
        62  5.843430758E-01  7.348037511E-02  1.737250737E+01 
        63  6.021813750E-01  7.142255455E-02  1.709363753E+01 
        64  6.200085282E-01  6.927046925E-02  1.682081559E+01 
        65  6.378244758E-01  6.702701747E-02  1.655343259E+01 
        66  6.556288004E-01  6.469338387E-02  1.628557334E+01 
        67  6.734211445E-01  6.226991117E-02  1.601005758E+01 
        68  6.912010908E-01  5.975722149E-02  1.572396093E+01 
        69  7.089685202E-01  5.715649948E-02  1.542444972E+01 
        70  7.267231345E-01  5.446954444E-02  1.511344852E+01 
        71  7.444646955E-01  5.169831961E-02  1.479286971E+01 
        72  7.621930838E-01  4.884409904E-02  1.446204854E+01 
        73  7.799077630E-01  4.590634629E-02  1.411514469E+01 
        74  7.976081967E-01  4.288436472E-02  1.374036685E+01 
        75  8.152942657E-01  3.977948055E-02  1.333458096E+01 
        76  8.329659700E-01  3.659362718E-02  1.290092358E+01 
        77  8.506227136E-01  3.332624212E-02  1.243615014E+01 
        78  8.682634234E-01  2.997349761E-02  1.191546632E+01 
        79  8.858876228E-01  2.653456107E-02  1.131018805E+01 
        80  9.034957290E-01  2.301438525E-02  1.062986112E+01 
        81  9.210862517E-01  1.940769330E-02  9.860925792E+00 
        82  9.386562109E-01  1.570212096E-02  8.856182895E+00 
        83  9.562085867E-01  1.191397570E-02  7.672369566E+00 
        84  9.737407565E-01  8.033547550E-03  7.057768905E+00 
        85  9.912500381E-01  4.051616415E-03  6.661726990E+00 
        86  1.194813475E-01  6.954224408E-02  2.529201605E+01 
        87  1.370559037E-01  7.322287560E-02  2.573655403E+01 
        88  1.547242552E-01  7.642764598E-02  2.560002933E+01 
        89  1.724649221E-01  7.920338959E-02  2.524976670E+01 
        90  1.902620047E-01  8.158910275E-02  2.484948110E+01 
        91  2.081032395E-01  8.361963928E-02  2.444747860E+01 
        92  2.259787023E-01  8.532349765E-02  2.407500217E+01 
        93  2.438806593E-01  8.672198653E-02  2.372068693E+01 
        94  2.618027627E-01  8.783259988E-02  2.336834546E+01 
        95  2.797397077E-01  8.867141604E-02  2.301534148E+01 
        96  2.976868451E-01  8.925335109E-02  2.266010592E+01 
        97  3.156402111E-01  8.959160000E-02  2.230397391E+01 
        98  3.335964382E-01  8.969660103E-02  2.194492574E+01 
        99  3.515526354E-01  8.957771212E-02  2.156933072E+01 
       100  3.695061505E-01  8.924575895E-02  2.117509126E+01 
       101  3.874548376E-01  8.871394396E-02  2.076687080E+01 
       102  4.053971469E-01  8.799791336E-02  2.035960301E+01 
       103  4.233320653E-01  8.711481839E-02  1.996524650E+01 
       104  4.412589371E-01  8.608177304E-02  1.959881908E+01 
       105  4.591774940E-01  8.491336554E-02  1.927182781E+01 
       106  4.121656995E-03 -1.164371241E-02  1.448361219E+01 
       107  2.698780969E-03 -9.498408064E-03  1.134039642E+01 
       108  1.488711219E-03 -7.226176560E-03  8.159780785E+00 
       109  5.238256417E-04 -4.839662462E-03  5.060209570E+00 
       110 -1.632221683E-04 -2.359095728E-03  2.531525720E+00 
       111 -5.489992909E-04  1.858060568E-04  9.353201983E-01 
       112  9.665048867E-02 -4.533886909E-02  2.453967950E+01 
       113  9.409715235E-02 -4.498706758E-02  2.470244006E+01 
       114  9.154566377E-02 -4.462207854E-02  2.485897148E+01 
       115  8.899617195E-02 -4.424344748E-02  2.500983700E+01 
       116  8.644884825E-02 -4.385071248E-02  2.515739580E+01 
       117  8.390387148E-02 -4.344330356E-02  2.530254396E+01 
       118  8.136147261E-02 -4.302056506E-02  2.544405962E+01 
       119  7.882187515E-02 -4.258180410E-02  2.558105759E+01 
       120  7.628532499E-02 -4.212634265E-02  2.571530312E+01 
       121  7.375207543E-02 -4.165349156E-02  2.584698084E+01 
       122  7.122238725E-02 -4.116257653E-02  2.597615222E+01 
       123  6.869655102E-02 -4.065288603E-02  2.610530728E+01 
       124  6.617486477E-02 -4.012369737E-02  2.623457163E+01 
       125  6.365766376E-02 -3.957428038E-02  2.636448098E+01 
       126  6.114528328E-02 -3.900382668E-02  2.649641169E+01 
       127  5.863813683E-02 -3.841146082E-02  2.663280809E+01 
       128  5.613665655E-02 -3.779624775E-02  2.677810029E+01 
       129  5.364135653E-02 -3.715706989E-02  2.693129145E+01 
       130  5.115286261E-02 -3.649252281E-02  2.709837970E+01 
       131  4.867186397E-02 -3.580110148E-02  2.727938325E+01 
       132  4.619916901E-02 -3.508112952E-02  2.746487918E+01 
       133  4.373575374E-02 -3.433056921E-02  2.764893042E+01 
       134  4.128273949E-02 -3.354718536E-02  2.783123756E+01 
       135  3.884140030E-02 -3.272860125E-02  2.800987611E+01 
       136  3.641324863E-02 -3.187208995E-02  2.817926263E+01 
       137  3.400002047E-02 -3.097475693E-02  2.832013625E+01 
       138  3.160364553E-02 -3.003362939E-02  2.839361079E+01 
       139  2.922641672E-02 -2.904538810E-02  2.838000824E+01 
       140  2.687100694E-02 -2.800646052E-02  2.827656005E+01 
       141  2.454043366E-02 -2.691316046E-02  2.811996649E+01 
       142  2.223837189E-02 -2.576130070E-02  2.794563570E+01 
       143  1.996911876E-02 -2.454629354E-02  2.766574033E+01 
       144  1.773772016E-02 -2.326328866E-02  2.723160778E+01 
       145  1.555096451E-02 -2.190577798E-02  2.662724627E+01 
       146  1.341815758E-02 -2.046505176E-02  2.577684924E+01 
       147  1.135155652E-02 -1.893091388E-02  2.459254141E+01 
       148  9.366931394E-03 -1.729200222E-02  2.298910610E+01 
       149  7.484021597E-03 -1.553707290E-02  2.051119589E+01 
       150  5.726560019E-03 -1.365635823E-02  1.760700235E+01 
