cellnumber     x-coordinate     y-coordinate       x-velocity 
         1  9.288612604E-01 -2.123496294E+00  3.473290287E+01 
         2  9.466460347E-01 -2.123454094E+00  3.473111494E+01 
         3  9.110764861E-01 -2.123538256E+00  3.473441809E+01 
         4  9.644306898E-01 -2.123410940E+00  3.472896716E+01 
         5  8.932916522E-01 -2.123579979E+00  3.473570986E+01 
         6  9.822154045E-01 -2.123367786E+00  3.472641056E+01 
         7  8.755068183E-01 -2.123620987E+00  3.473681246E+01 
         8  8.577218652E-01 -2.123661518E+00  3.473774979E+01 
         9  8.399369121E-01 -2.123701811E+00  3.473855246E+01 
        10  8.221519589E-01 -2.123741627E+00  3.473924526E+01 
        11  8.043669462E-01 -2.123781443E+00  3.473984801E+01 
        12  7.865819335E-01 -2.123820782E+00  3.474037641E+01 
        13  7.687969208E-01 -2.123859644E+00  3.474084283E+01 
        14  7.510117888E-01 -2.123898268E+00  3.474125658E+01 
        15  7.332267165E-01 -2.123936653E+00  3.474162392E+01 
        16  7.154415846E-01 -2.123974562E+00  3.474194912E+01 
        17  6.976563931E-01 -2.124011993E+00  3.474223523E+01 
        18  6.798712015E-01 -2.124049187E+00  3.474248446E+01 
        19  6.620859504E-01 -2.124086142E+00  3.474269844E+01 
        20  6.443006992E-01 -2.124122381E+00  3.474287809E+01 
        21  6.265153885E-01 -2.124158144E+00  3.474302397E+01 
        22  6.087300181E-01 -2.124193192E+00  3.474313619E+01 
        23  5.909446478E-01 -2.124227762E+00  3.474321437E+01 
        24  5.731591582E-01 -2.124261379E+00  3.474325758E+01 
        25  5.553736687E-01 -2.124294281E+00  3.474326417E+01 
        26  5.375880599E-01 -2.124326468E+00  3.474323209E+01 
        27  5.198024511E-01 -2.124357700E+00  3.474315887E+01 
        28  5.020167232E-01 -2.124387980E+00  3.474304162E+01 
        29  4.842309654E-01 -2.124417067E+00  3.474287688E+01 
        30  4.664451182E-01 -2.124444723E+00  3.474266004E+01 
        31  4.486591518E-01 -2.124470711E+00  3.474238742E+01 
        32  3.623500109E+00  2.123323917E+00  3.420968058E+01 
        33  3.596999884E+00  2.123323917E+00  3.421397094E+01 
        34  3.570499897E+00  2.123323917E+00  3.421933389E+01 
        35  3.543999910E+00  2.123323917E+00  3.422453129E+01 
        36  3.517499924E+00  2.123323917E+00  3.422978232E+01 
        37  3.490999937E+00  2.123323917E+00  3.423502356E+01 
        38  3.464499950E+00  2.123323917E+00  3.424027036E+01 
        39  3.437999964E+00  2.123323917E+00  3.424552140E+01 
        40  3.411499977E+00  2.123323917E+00  3.425077886E+01 
        41  3.384999990E+00  2.123323917E+00  3.425604351E+01 
        42  3.358500004E+00  2.123323917E+00  3.426131608E+01 
        43  3.332000017E+00  2.123323917E+00  3.426659705E+01 
        44  3.305500031E+00  2.123323917E+00  3.427188678E+01 
        45  3.279000044E+00  2.123323917E+00  3.427718546E+01 
        46  3.252500057E+00  2.123323917E+00  3.428249325E+01 
        47  3.226000071E+00  2.123323917E+00  3.428781042E+01 
        48  3.199500084E+00  2.123323917E+00  3.429313729E+01 
        49  3.173000097E+00  2.123323917E+00  3.429847419E+01 
        50  3.146500111E+00  2.123323917E+00  3.430382144E+01 
        51  3.119999886E+00  2.123323917E+00  3.430917942E+01 
        52  3.093499899E+00  2.123323917E+00  3.431454865E+01 
        53  3.066999912E+00  2.123323917E+00  3.431992974E+01 
        54  3.040499926E+00  2.123323917E+00  3.432532338E+01 
        55  3.013999939E+00  2.123323917E+00  3.433073026E+01 
        56  2.987499952E+00  2.123323917E+00  3.433615115E+01 
        57  2.960999966E+00  2.123323917E+00  3.434158699E+01 
        58  2.934499979E+00  2.123323917E+00  3.434703881E+01 
        59  2.907999992E+00  2.123323917E+00  3.435250768E+01 
        60  2.881500006E+00  2.123323917E+00  3.435799477E+01 
        61  2.855000019E+00  2.123323917E+00  3.436350133E+01 
        62  2.828500032E+00  2.123323917E+00  3.436902870E+01 
        63  2.802000046E+00  2.123323917E+00  3.437457834E+01 
        64  2.775500059E+00  2.123323917E+00  3.438015185E+01 
        65  2.749000072E+00  2.123323917E+00  3.438575066E+01 
        66  2.722500086E+00  2.123323917E+00  3.439137787E+01 
        67  2.669500113E+00  2.123323917E+00  3.440270815E+01 
        68  2.696000099E+00  2.123323917E+00  3.439702937E+01 
        69  2.642999887E+00  2.123323917E+00  3.440842054E+01 
        70  2.616499901E+00  2.123323917E+00  3.441416705E+01 
        71  2.589999914E+00  2.123323917E+00  3.441995001E+01 
        72  2.563499928E+00  2.123323917E+00  3.442577141E+01 
        73  2.536999941E+00  2.123323917E+00  3.443163339E+01 
        74  2.510499954E+00  2.123323917E+00  3.443753810E+01 
        75  2.483999968E+00  2.123323917E+00  3.444348769E+01 
        76  2.457499981E+00  2.123323917E+00  3.444948434E+01 
        77  2.430999994E+00  2.123323917E+00  3.445553026E+01 
        78  2.404500008E+00  2.123323917E+00  3.446162766E+01 
        79  2.378000021E+00  2.123323917E+00  3.446777873E+01 
        80  2.351500034E+00  2.123323917E+00  3.447398563E+01 
        81  2.325000048E+00  2.123323917E+00  3.448025049E+01 
        82  2.298500061E+00  2.123323917E+00  3.448657537E+01 
        83  2.272000074E+00  2.123323917E+00  3.449296225E+01 
        84  2.245500088E+00  2.123323917E+00  3.449941305E+01 
        85  2.219000101E+00  2.123323917E+00  3.450592958E+01 
        86  2.192500114E+00  2.123323917E+00  3.451251355E+01 
        87  2.165999889E+00  2.123323917E+00  3.451916652E+01 
        88  2.139499903E+00  2.123323917E+00  3.452588989E+01 
        89  2.112999916E+00  2.123323917E+00  3.453268494E+01 
        90  2.086499929E+00  2.123323917E+00  3.453955275E+01 
        91  2.059999943E+00  2.123323917E+00  3.454649426E+01 
        92  2.033499956E+00  2.123323917E+00  3.455351016E+01 
        93  2.006999969E+00  2.123323917E+00  3.456060092E+01 
        94  1.980499983E+00  2.123323917E+00  3.456776683E+01 
        95  1.953999996E+00  2.123323917E+00  3.457500783E+01 
        96  1.927500010E+00  2.123323917E+00  3.458232489E+01 
        97  1.874500036E+00  2.123323917E+00  3.459717079E+01 
        98  1.901000023E+00  2.123323917E+00  3.458971250E+01 
        99  1.848000050E+00  2.123323917E+00  3.460470314E+01 
       100  1.821499944E+00  2.123323917E+00  3.461230717E+01 
       101  1.794999957E+00  2.123323917E+00  3.461998198E+01 
       102  1.768499970E+00  2.123323917E+00  3.462772610E+01 
       103  1.741999984E+00  2.123323917E+00  3.463553802E+01 
       104  1.715499997E+00  2.123323917E+00  3.464341616E+01 
       105  1.689000010E+00  2.123323917E+00  3.465135886E+01 
       106  1.662500024E+00  2.123323917E+00  3.465936457E+01 
       107  1.636000037E+00  2.123323917E+00  3.466743186E+01 
       108  1.609500051E+00  2.123323917E+00  3.467555958E+01 
       109  1.582999945E+00  2.123323917E+00  3.468374699E+01 
       110  1.556499958E+00  2.123323917E+00  3.469199393E+01 
       111  1.529999971E+00  2.123323917E+00  3.470030105E+01 
       112  1.503499985E+00  2.123323917E+00  3.470867007E+01 
       113  1.476999998E+00  2.123323917E+00  3.471710411E+01 
       114  1.450500011E+00  2.123323917E+00  3.472560814E+01 
       115  1.424000025E+00  2.123323917E+00  3.473418949E+01 
       116  1.397500038E+00  2.123323917E+00  3.474285850E+01 
       117  1.371000051E+00  2.123323917E+00  3.475162932E+01 
       118  1.344499946E+00  2.123323917E+00  3.476052106E+01 
       119  1.317999959E+00  2.123323917E+00  3.476955944E+01 
       120  1.291499972E+00  2.123323917E+00  3.477877920E+01 
       121  1.264999986E+00  2.123323917E+00  3.478822735E+01 
       122  1.238499999E+00  2.123323917E+00  3.479797504E+01 
       123  1.212000012E+00  2.123323917E+00  3.480811299E+01 
       124  1.185500026E+00  2.123323917E+00  3.481887258E+01 
       125  1.159000039E+00  2.123323917E+00  3.482998302E+01 
       126  1.132500052E+00  2.123323917E+00  3.484114061E+01 
       127  1.079499960E+00  2.123323917E+00  3.486390608E+01 
       128  1.105999947E+00  2.123323917E+00  3.485271979E+01 
       129  1.052999973E+00  2.123323917E+00  3.487797825E+01 
       130  1.026499987E+00  2.123323917E+00  3.487534440E+01 
       131  9.822219014E-01  2.123429060E+00  3.486817279E+01 
       132  9.644432664E-01  2.123532295E+00  3.486750941E+01 
       133  9.466639757E-01  2.123632431E+00  3.486757286E+01 
       134  9.288843274E-01  2.123730659E+00  3.486822149E+01 
       135  9.111040831E-01  2.123826504E+00  3.486943294E+01 
       136  8.933233619E-01  2.123919725E+00  3.487100641E+01 
       137  8.755422235E-01  2.124010801E+00  3.487286899E+01 
       138  8.577606678E-01  2.124099731E+00  3.487493186E+01 
       139  8.399786353E-01  2.124186516E+00  3.487713269E+01 
       140  8.221962452E-01  2.124270916E+00  3.487941847E+01 
       141  8.044134378E-01  2.124353170E+00  3.488174987E+01 
       142  7.866302729E-01  2.124433517E+00  3.488409704E+01 
       143  7.688466907E-01  2.124511480E+00  3.488643641E+01 
       144  7.510628104E-01  2.124587297E+00  3.488874792E+01 
       145  7.332785130E-01  2.124660969E+00  3.489101892E+01 
       146  7.154939175E-01  2.124732494E+00  3.489322076E+01 
       147  6.977089643E-01  2.124801636E+00  3.489533300E+01 
       148  6.799237132E-01  2.124868631E+00  3.489734946E+01 
       149  6.621381044E-01  2.124933243E+00  3.489926390E+01 
       150  6.443521380E-01  2.124995708E+00  3.490107143E+01 
       151  6.265659332E-01  2.125055552E+00  3.490276805E+01 
       152  6.087793708E-01  2.125113010E+00  3.490435055E+01 
       153  5.909925699E-01  2.125168324E+00  3.490581663E+01 
       154  5.732054710E-01  2.125220776E+00  3.490716492E+01 
       155  5.554180741E-01  2.125270844E+00  3.490839496E+01 
       156  5.376303792E-01  2.125318050E+00  3.490950771E+01 
       157  5.198423862E-01  2.125362396E+00  3.491050428E+01 
       158  5.020541549E-01  2.125403881E+00  3.491139300E+01 
       159  4.842656553E-01  2.125442505E+00  3.491216140E+01 
       160  4.664769173E-01  2.125477791E+00  3.491281307E+01 
       161  4.486879706E-01  2.125510216E+00  3.491336298E+01 
       162  4.308987856E-01  2.125539064E+00  3.491382286E+01 
       163  4.131093919E-01  2.125564337E+00  3.491419822E+01 
       164  3.953197896E-01  2.125585318E+00  3.491450443E+01 
       165  3.775300086E-01  2.125601768E+00  3.491475859E+01 
       166  3.597400784E-01  2.125613213E+00  3.491495069E+01 
       167  3.419500291E-01  2.125619173E+00  3.491507658E+01 
       168  3.241599798E-01  2.125619411E+00  3.491514649E+01 
       169  3.063699305E-01  2.125613689E+00  3.491517460E+01 
       170  2.885800004E-01  2.125601530E+00  3.491518158E+01 
       171  2.707902789E-01  2.125583172E+00  3.491518803E+01 
       172  2.530008852E-01  2.125557661E+00  3.491520905E+01 
       173  2.352119684E-01  2.125524998E+00  3.491525801E+01 
       174  2.174236178E-01  2.125484467E+00  3.491534479E+01 
       175  1.996360719E-01  2.125435829E+00  3.491548038E+01 
       176  1.818495393E-01  2.125378132E+00  3.491564338E+01 
       177  1.640643030E-01  2.125310659E+00  3.491590289E+01 
       178  1.462807208E-01  2.125232697E+00  3.491581794E+01 
       179  1.284992546E-01  2.125142813E+00  3.491683287E+01 
       180  4.181907326E-02  2.125021458E+00  3.487155666E+01 
       181 -2.708034404E-02  2.124796629E+00  3.485580623E+01 
       182 -9.594844282E-02  2.122696161E+00  3.484340857E+01 
       183  1.424000025E+00 -2.123323917E+00  3.474097469E+01 
       184  1.450500011E+00 -2.123323917E+00  3.474232168E+01 
       185  1.476999998E+00 -2.123323917E+00  3.474368568E+01 
       186  1.503499985E+00 -2.123323917E+00  3.474508108E+01 
       187  1.529999971E+00 -2.123323917E+00  3.474652042E+01 
       188  1.556499958E+00 -2.123323917E+00  3.474801422E+01 
       189  1.582999945E+00 -2.123323917E+00  3.474957124E+01 
       190  1.609500051E+00 -2.123323917E+00  3.475119884E+01 
       191  1.636000037E+00 -2.123323917E+00  3.475290334E+01 
       192  1.662500024E+00 -2.123323917E+00  3.475469020E+01 
       193  1.689000010E+00 -2.123323917E+00  3.475656411E+01 
       194  1.715499997E+00 -2.123323917E+00  3.475852910E+01 
       195  1.741999984E+00 -2.123323917E+00  3.476058872E+01 
       196  1.768499970E+00 -2.123323917E+00  3.476274617E+01 
       197  1.794999957E+00 -2.123323917E+00  3.476500426E+01 
       198  1.821499944E+00 -2.123323917E+00  3.476736539E+01 
       199  1.848000050E+00 -2.123323917E+00  3.476983163E+01 
       200  1.874500036E+00 -2.123323917E+00  3.477240482E+01 
       201  1.901000023E+00 -2.123323917E+00  3.477508666E+01 
       202  1.927500010E+00 -2.123323917E+00  3.477787866E+01 
       203  1.953999996E+00 -2.123323917E+00  3.478078202E+01 
       204  1.980499983E+00 -2.123323917E+00  3.478379770E+01 
       205  2.006999969E+00 -2.123323917E+00  3.478692647E+01 
       206  2.033499956E+00 -2.123323917E+00  3.479016911E+01 
       207  2.059999943E+00 -2.123323917E+00  3.479352628E+01 
       208  2.086499929E+00 -2.123323917E+00  3.479699841E+01 
       209  2.112999916E+00 -2.123323917E+00  3.480058578E+01 
       210  2.139499903E+00 -2.123323917E+00  3.480428859E+01 
       211  2.165999889E+00 -2.123323917E+00  3.480810702E+01 
       212  2.192500114E+00 -2.123323917E+00  3.481204124E+01 
       213  2.219000101E+00 -2.123323917E+00  3.481609110E+01 
       214  2.245500088E+00 -2.123323917E+00  3.482025705E+01 
       215  2.272000074E+00 -2.123323917E+00  3.482453739E+01 
       216  2.298500061E+00 -2.123323917E+00  3.482893751E+01 
       217  2.325000048E+00 -2.123323917E+00  3.483345624E+01 
       218  2.351500034E+00 -2.123323917E+00  3.483808807E+01 
       219  2.378000021E+00 -2.123323917E+00  3.484283385E+01 
       220  2.404500008E+00 -2.123323917E+00  3.484769280E+01 
       221  2.430999994E+00 -2.123323917E+00  3.485266426E+01 
       222  2.457499981E+00 -2.123323917E+00  3.485774742E+01 
       223  2.483999968E+00 -2.123323917E+00  3.486294148E+01 
       224  2.510499954E+00 -2.123323917E+00  3.486824562E+01 
       225  2.536999941E+00 -2.123323917E+00  3.487365893E+01 
       226  2.563499928E+00 -2.123323917E+00  3.487918032E+01 
       227  2.589999914E+00 -2.123323917E+00  3.488480859E+01 
       228  2.616499901E+00 -2.123323917E+00  3.489054247E+01 
       229  2.642999887E+00 -2.123323917E+00  3.489638066E+01 
       230  2.669500113E+00 -2.123323917E+00  3.490232177E+01 
       231  2.696000099E+00 -2.123323917E+00  3.490836424E+01 
       232  2.722500086E+00 -2.123323917E+00  3.491450642E+01 
       233  2.749000072E+00 -2.123323917E+00  3.492074656E+01 
       234  2.775500059E+00 -2.123323917E+00  3.492708289E+01 
       235  2.802000046E+00 -2.123323917E+00  3.493351352E+01 
       236  2.828500032E+00 -2.123323917E+00  3.494003642E+01 
       237  2.855000019E+00 -2.123323917E+00  3.494664950E+01 
       238  2.881500006E+00 -2.123323917E+00  3.495335055E+01 
       239  2.907999992E+00 -2.123323917E+00  3.496013731E+01 
       240  2.934499979E+00 -2.123323917E+00  3.496700743E+01 
       241  2.960999966E+00 -2.123323917E+00  3.497395845E+01 
       242  2.987499952E+00 -2.123323917E+00  3.498098783E+01 
       243  3.013999939E+00 -2.123323917E+00  3.498809296E+01 
       244  3.040499926E+00 -2.123323917E+00  3.499527111E+01 
       245  3.066999912E+00 -2.123323917E+00  3.500251945E+01 
       246  3.093499899E+00 -2.123323917E+00  3.500983503E+01 
       247  3.119999886E+00 -2.123323917E+00  3.501721493E+01 
       248  3.146500111E+00 -2.123323917E+00  3.502465613E+01 
       249  3.173000097E+00 -2.123323917E+00  3.503215555E+01 
       250  3.199500084E+00 -2.123323917E+00  3.503971000E+01 
       251  3.226000071E+00 -2.123323917E+00  3.504731631E+01 
       252  3.252500057E+00 -2.123323917E+00  3.505497130E+01 
       253  3.279000044E+00 -2.123323917E+00  3.506267177E+01 
       254  3.305500031E+00 -2.123323917E+00  3.507041444E+01 
       255  3.332000017E+00 -2.123323917E+00  3.507819602E+01 
       256  3.358500004E+00 -2.123323917E+00  3.508601336E+01 
       257  3.384999990E+00 -2.123323917E+00  3.509386351E+01 
       258  3.411499977E+00 -2.123323917E+00  3.510174365E+01 
       259  3.437999964E+00 -2.123323917E+00  3.510965132E+01 
       260  3.464499950E+00 -2.123323917E+00  3.511758418E+01 
       261  3.490999937E+00 -2.123323917E+00  3.512554212E+01 
       262  3.517499924E+00 -2.123323917E+00  3.513351949E+01 
       263  3.543999910E+00 -2.123323917E+00  3.514153613E+01 
       264  3.570499897E+00 -2.123323917E+00  3.514949043E+01 
       265  3.596999884E+00 -2.123323917E+00  3.515771591E+01 
       266  3.623500109E+00 -2.123323917E+00  3.516430803E+01 
       267  1.371000051E+00 -2.123323917E+00  3.473823539E+01 
       268  1.397500038E+00 -2.123323917E+00  3.473962477E+01 
       269  1.344499946E+00 -2.123323917E+00  3.473679924E+01 
       270  1.317999959E+00 -2.123323917E+00  3.473533376E+01 
       271  1.291499972E+00 -2.123323917E+00  3.473383046E+01 
       272  1.264999986E+00 -2.123323917E+00  3.473226480E+01 
       273  1.238499999E+00 -2.123323917E+00  3.473059888E+01 
       274  1.212000012E+00 -2.123323917E+00  3.472876330E+01 
       275  1.185500026E+00 -2.123323917E+00  3.472671963E+01 
       276  1.159000039E+00 -2.123323917E+00  3.472444401E+01 
       277  1.132500052E+00 -2.123323917E+00  3.472194027E+01 
       278  1.105999947E+00 -2.123323917E+00  3.471903675E+01 
       279  1.079499960E+00 -2.123323917E+00  3.471622068E+01 
       280  1.052999973E+00 -2.123323917E+00  3.471172105E+01 
       281  1.026499987E+00 -2.123323917E+00  3.471648318E+01 
       282 -1.647116840E-01  2.118366957E+00  3.483335439E+01 
       283 -2.332989722E-01  2.111812592E+00  3.482475897E+01 
       284 -3.016383052E-01  2.103040695E+00  3.481725647E+01 
       285 -3.696579635E-01  2.092060566E+00  3.481059007E+01 
       286 -4.372864962E-01  2.078882694E+00  3.480459896E+01 
       287 -5.044529438E-01  2.063521862E+00  3.479916373E+01 
       288 -5.710867643E-01  2.045993805E+00  3.479419422E+01 
       289 -6.371180415E-01  2.026316881E+00  3.478961975E+01 
       290 -7.024773359E-01  2.004511833E+00  3.478538381E+01 
       291 -7.670961618E-01  1.980601549E+00  3.478144110E+01 
       292 -8.309066296E-01  1.954610944E+00  3.477775487E+01 
       293 -8.938416839E-01  1.926567554E+00  3.477429485E+01 
       294 -9.558354020E-01  1.896500587E+00  3.477103602E+01 
       295 -1.016822457E+00  1.864441633E+00  3.476795767E+01 
       296 -1.076739073E+00  1.830424428E+00  3.476504235E+01 
       297 -1.135522246E+00  1.794484735E+00  3.476227554E+01 
       298 -1.193110228E+00  1.756660104E+00  3.475964495E+01 
       299 -1.249442577E+00  1.716990232E+00  3.475713998E+01 
       300 -1.304460168E+00  1.675516963E+00  3.475475166E+01 
       301 -1.358105183E+00  1.632283568E+00  3.475247234E+01 
       302 -1.410321474E+00  1.587335587E+00  3.475029533E+01 
       303 -1.461053967E+00  1.540720224E+00  3.474821489E+01 
       304 -1.510249496E+00  1.492486238E+00  3.474622595E+01 
       305 -1.557856560E+00  1.442684412E+00  3.474432398E+01 
       306 -1.603824854E+00  1.391366959E+00  3.474250504E+01 
       307 -1.648106337E+00  1.338587403E+00  3.474076561E+01 
       308 -1.690654397E+00  1.284401655E+00  3.473910257E+01 
       309 -1.731424451E+00  1.228866220E+00  3.473751311E+01 
       310 -1.770373464E+00  1.172039270E+00  3.473599468E+01 
       311 -1.807460666E+00  1.113980651E+00  3.473454491E+01 
       312 -1.842646956E+00  1.054751158E+00  3.473316161E+01 
       313 -1.875895262E+00  9.944127202E-01  3.473184275E+01 
       314 -1.907170773E+00  9.330288172E-01  3.473058651E+01 
       315 -1.936440587E+00  8.706638217E-01  3.472939116E+01 
       316 -1.963673592E+00  8.073830009E-01  3.472825521E+01 
       317 -1.988841414E+00  7.432528138E-01  3.472717730E+01 
       318 -2.011917114E+00  6.783404350E-01  3.472615525E+01 
       319 -2.032876253E+00  6.127137542E-01  3.472518843E+01 
       320 -2.051696777E+00  5.464415550E-01  3.472427621E+01 
       321 -2.068357944E+00  4.795931578E-01  3.472341721E+01 
       322 -2.082841873E+00  4.122384191E-01  3.472260983E+01 
       323 -2.095132828E+00  3.444480300E-01  3.472185390E+01 
       324 -2.105216503E+00  2.762930691E-01  3.472114828E+01 
       325 -2.113081694E+00  2.078452706E-01  3.472048843E+01 
       326 -2.118719578E+00  1.391769648E-01  3.471987808E+01 
       327 -2.122122765E+00  7.036081702E-02  3.471931347E+01 
       328 -2.122210264E+00 -6.747547537E-02  3.471879275E+01 
       329 -2.118891239E+00 -1.363487244E-01  3.471831393E+01 
       330 -2.113334417E+00 -2.050764263E-01  3.471787685E+01 
       331 -2.105545998E+00 -2.735856473E-01  3.471747935E+01 
       332 -2.095535278E+00 -3.418039083E-01  3.471712422E+01 
       333 -7.677646875E-01 -1.979920149E+00  3.472559863E+01 
       334 -8.316172361E-01 -1.953894854E+00  3.472478165E+01 
       335 -8.945922256E-01 -1.925813556E+00  3.472400590E+01 
       336 -9.566235542E-01 -1.895706058E+00  3.472326592E+01 
       337 -1.017645955E+00 -1.863603592E+00  3.472256250E+01 
       338 -1.077595115E+00 -1.829540133E+00  3.472189390E+01 
       339 -1.136408210E+00 -1.793551683E+00  3.472125800E+01 
       340 -1.194023252E+00 -1.755675673E+00  3.472065486E+01 
       341 -1.250379562E+00 -1.715952158E+00  3.472008470E+01 
       342 -1.305418134E+00 -1.674422979E+00  3.471955577E+01 
       343 -1.359080911E+00 -1.631131649E+00  3.471906036E+01 
       344 -1.411311626E+00 -1.586123705E+00  3.471859876E+01 
       345 -1.462055087E+00 -1.539446712E+00  3.471817068E+01 
       346 -1.511258125E+00 -1.491149306E+00  3.471777639E+01 
       347 -1.558868885E+00 -1.441282511E+00  3.471741622E+01 
       348 -1.604837418E+00 -1.389898777E+00  3.471709027E+01 
       349 -1.649115205E+00 -1.337051868E+00  3.471679977E+01 
       350 -1.691655755E+00 -1.282797575E+00  3.471654476E+01 
       351 -1.732414484E+00 -1.227192760E+00  3.471632491E+01 
       352 -1.771348119E+00 -1.170295715E+00  3.471613890E+01 
       353 -1.808415890E+00 -1.112166524E+00  3.471598964E+01 
       354 -1.843578935E+00 -1.052866101E+00  3.471587677E+01 
       355 -1.876799822E+00 -9.924566746E-01  3.471580033E+01 
       356 -1.908043981E+00 -9.310017824E-01  3.471576095E+01 
       357 -1.937278152E+00 -8.685659170E-01  3.471575884E+01 
       358 -1.964471579E+00 -8.052145243E-01  3.471579443E+01 
       359 -1.989595532E+00 -7.410141826E-01  3.471586803E+01 
       360 -2.012623310E+00 -6.760321856E-01  3.471597982E+01 
       361 -2.033530235E+00 -6.103365421E-01  3.471612996E+01 
       362 -2.052294254E+00 -5.439960361E-01  3.471631840E+01 
       363 -2.068894625E+00 -4.770802557E-01  3.471654545E+01 
       364 -2.083313704E+00 -4.096592367E-01  3.471681189E+01 
       365 -7.031017542E-01 -2.003861904E+00  3.472645981E+01 
       366 -6.376965046E-01 -2.025695324E+00  3.472736733E+01 
       367 -5.716176629E-01 -2.045397520E+00  3.472832343E+01 
       368 -5.049346685E-01 -2.062947273E+00  3.472933258E+01 
       369 -4.377177656E-01 -2.078326464E+00  3.473039924E+01 
       370 -3.700376153E-01 -2.091518879E+00  3.473152733E+01 
       371 -3.019652963E-01 -2.102510929E+00  3.473271833E+01 
       372 -2.335724980E-01 -2.111290693E+00  3.473396874E+01 
       373 -1.649310887E-01 -2.117848873E+00  3.473524323E+01 
       374 -9.611326456E-02 -2.122178793E+00  3.473648066E+01 
       375 -2.719027735E-02 -2.124276400E+00  3.473733636E+01 
       376  4.176411405E-02 -2.124493361E+00  3.473737133E+01 
       377  1.285050213E-01 -2.124548435E+00  3.472665095E+01 
       378  1.462903768E-01 -2.124583483E+00  3.472362865E+01 
       379  1.640763134E-01 -2.124609709E+00  3.472646659E+01 
       380  1.818626225E-01 -2.124628305E+00  3.472809520E+01 
       381  1.996491402E-01 -2.124640942E+00  3.472987286E+01 
       382  2.174357772E-01 -2.124648094E+00  3.473143321E+01 
       383  2.352224588E-01 -2.124650478E+00  3.473285352E+01 
       384  2.530091405E-01 -2.124648571E+00  3.473414742E+01 
       385  2.707957923E-01 -2.124643326E+00  3.473534812E+01 
       386  2.885823846E-01 -2.124634743E+00  3.473645048E+01 
       387  3.063689470E-01 -2.124623775E+00  3.473745625E+01 
       388  3.241554499E-01 -2.124610186E+00  3.473836792E+01 
       389  3.419418633E-01 -2.124594688E+00  3.473918861E+01 
       390  3.597282171E-01 -2.124577522E+00  3.473992183E+01 
       391  3.775145411E-01 -2.124558926E+00  3.474057181E+01 
       392  3.953007758E-01 -2.124539137E+00  3.474114082E+01 
       393  4.130869806E-01 -2.124517679E+00  3.474162996E+01 
       394  4.308731258E-01 -2.124495029E+00  3.474204716E+01 
