cellnumber     x-coordinate     y-coordinate       x-velocity 
         1  3.636749983E+00  2.040431136E-03  2.640639988E+01 
         2  3.636749983E+00  2.642222214E-03  2.642636011E+01 
         3  3.636749983E+00  3.277097829E-03  2.645117485E+01 
         4  3.636749983E+00 -2.040431136E-03  2.634421466E+01 
         5  3.636749983E+00 -5.649185623E-04  2.634787419E+01 
         6  3.636749983E+00  3.946876619E-03  2.648152623E+01 
         7  3.636749983E+00 -2.642222214E-03  2.634756967E+01 
         8  3.636749983E+00 -1.197122270E-03  2.634071192E+01 
         9  3.636749983E+00 -9.025236359E-04  2.634787419E+01 
        10  3.636749983E+00  4.653477110E-03  2.651810428E+01 
        11  3.636749983E+00 -3.277097829E-03  2.635273960E+01 
        12  3.636749983E+00  5.398923997E-03  2.656165356E+01 
        13  3.636749983E+00 -3.946876619E-03  2.635982423E+01 
        14  3.636749983E+00  6.185353268E-03  2.661298489E+01 
        15  3.636749983E+00 -4.653477110E-03  2.636880819E+01 
        16  3.636749983E+00  7.015017327E-03  2.667281520E+01 
        17  3.636749983E+00 -5.398923997E-03  2.637965757E+01 
        18  3.636749983E+00  7.890293375E-03  2.674148522E+01 
        19  3.636749983E+00 -6.185353268E-03  2.639226433E+01 
        20  3.636749983E+00  8.813688532E-03  2.681934989E+01 
        21  3.636749983E+00 -7.015017327E-03  2.640658133E+01 
        22  3.636749983E+00  9.787848219E-03  2.690674981E+01 
        23  3.636749983E+00 -7.890293375E-03  2.642259657E+01 
        24  3.636749983E+00  1.081556454E-02  2.700399885E+01 
        25  3.636749983E+00 -8.813688532E-03  2.644034107E+01 
        26  3.636749983E+00  1.189978048E-02  2.711136535E+01 
        27  3.636749983E+00  1.304360293E-02  2.722906879E+01 
        28  3.636749983E+00  1.425030921E-02  2.735726416E+01 
        29  3.636749983E+00  1.552335452E-02  2.749602841E+01 
        30  3.636749983E+00  1.686638780E-02  2.764534887E+01 
        31  3.636749983E+00  1.828325540E-02  2.780511676E+01 
        32  3.636749983E+00  1.977801882E-02  2.797513602E+01 
        33  3.636749983E+00  2.135495842E-02  2.815512320E+01 
        34  3.636749983E+00  2.301859111E-02  2.834471358E+01 
        35  3.636749983E+00  2.477368526E-02  2.854347532E+01 
        36  3.636749983E+00  2.662526816E-02  2.875093337E+01 
        37  3.636749983E+00  2.857864462E-02  2.896661230E+01 
        38  3.636749983E+00  3.063941002E-02  2.919009495E+01 
        39  3.636749983E+00  3.281347081E-02  2.942108271E+01 
        40  3.636749983E+00  3.510705009E-02  2.965945909E+01 
        41  3.636749983E+00  3.752672300E-02  2.990537966E+01 
        42  3.636749983E+00  4.007942230E-02  3.015925776E+01 
        43  3.636749983E+00  4.277245700E-02  3.042220580E+01 
        44  3.636749983E+00  4.561354965E-02  3.069610784E+01 
        45  3.636749983E+00  4.861083254E-02  3.098355473E+01 
        46  3.636749983E+00  5.177289248E-02  3.128792611E+01 
        47  3.636749983E+00  5.510879308E-02  3.161306944E+01 
        48  3.636749983E+00  5.862808973E-02  3.196236047E+01 
        49  3.636749983E+00  6.234086677E-02  3.234201132E+01 
        50  3.636749983E+00  6.625775248E-02  3.276012782E+01 
        51  3.636749983E+00  7.038997859E-02  3.322644712E+01 
        52  3.636749983E+00  7.474938035E-02  3.368140792E+01 
        53  3.636749983E+00  7.934844494E-02  3.396779402E+01 
        54  3.636749983E+00  8.420035243E-02  3.405646145E+01 
        55  3.636749983E+00  8.931899071E-02  3.410051714E+01 
        56  3.636749983E+00  9.471904486E-02  3.414775249E+01 
        57  3.636749983E+00  1.004159674E-01  3.419533048E+01 
        58  3.636749983E+00  1.064260900E-01  3.424093579E+01 
        59  3.636749983E+00  1.127666235E-01  3.428452769E+01 
        60  3.636749983E+00  1.194557324E-01  3.432589880E+01 
        61  3.636749983E+00  1.265125871E-01  3.436480288E+01 
        62  3.636749983E+00  1.339574158E-01  3.440078206E+01 
        63  3.636749983E+00  1.418115199E-01  3.443417602E+01 
        64  3.636749983E+00  4.548193812E-01  3.477547523E+01 
        65  3.636749983E+00  4.803133011E-01  3.478058933E+01 
        66  3.636749983E+00  4.306539893E-01  3.476972544E+01 
        67  3.636749983E+00  4.077478647E-01  3.476284678E+01 
        68  3.636749983E+00  3.860354424E-01  3.475498587E+01 
        69  3.636749983E+00  3.654544652E-01  3.474608072E+01 
        70  3.636749983E+00  3.459459841E-01  3.473654018E+01 
        71  3.636749983E+00  3.274541497E-01  3.472597824E+01 
        72  3.636749983E+00  3.099259436E-01  3.471502399E+01 
        73  3.636749983E+00  2.933111489E-01  3.470283489E+01 
        74  3.636749983E+00  2.775621712E-01  3.468998908E+01 
        75  3.636749983E+00  2.626338899E-01  3.467600624E+01 
        76  3.636749983E+00  2.484835535E-01  3.466164794E+01 
        77  3.636749983E+00  2.350706160E-01  3.464597001E+01 
        78  3.636749983E+00  2.223566324E-01  3.462885296E+01 
        79  3.636749983E+00  2.103052139E-01  3.461036754E+01 
        80  3.636749983E+00  1.988817900E-01  3.459078961E+01 
        81  3.636749983E+00  1.880536675E-01  3.456996867E+01 
        82  3.636749983E+00  1.777898222E-01  3.454721772E+01 
        83  3.636749983E+00  1.680608392E-01  3.452223757E+01 
        84  3.636749983E+00  1.588388383E-01  3.449493234E+01 
        85  3.636749983E+00  1.500974149E-01  3.446554626E+01 
        86  3.636749983E+00  1.958139777E+00  3.435724008E+01 
        87  3.636749983E+00  1.855634093E+00  3.442088848E+01 
        88  3.636749983E+00  1.758470178E+00  3.447343805E+01 
        89  3.636749983E+00  1.666369677E+00  3.451814138E+01 
        90  3.636749983E+00  1.579068542E+00  3.455660545E+01 
        91  3.636749983E+00  1.496316910E+00  3.459007821E+01 
        92  3.636749983E+00  1.417877555E+00  3.461939887E+01 
        93  3.636749983E+00  1.343525767E+00  3.464518436E+01 
        94  3.636749983E+00  1.273048639E+00  3.466791567E+01 
        95  3.636749983E+00  1.206244111E+00  3.468795501E+01 
        96  3.636749983E+00  1.142920852E+00  3.470562712E+01 
        97  3.636749983E+00  1.082897425E+00  3.472118002E+01 
        98  3.636749983E+00  1.026002049E+00  3.473486648E+01 
        99  3.636749983E+00  9.720714092E-01  3.474659732E+01 
       100  3.636749983E+00  9.209512472E-01  3.475675660E+01 
       101  3.636749983E+00  8.724950552E-01  3.476536635E+01 
       102  3.636749983E+00  8.265639544E-01  3.477270526E+01 
       103  3.636749983E+00  7.830263972E-01  3.477867889E+01 
       104  3.636749983E+00  7.417576313E-01  3.478337358E+01 
       105  3.636749983E+00  7.026394606E-01  3.478681280E+01 
       106  3.636749983E+00  6.655598283E-01  3.478906865E+01 
       107  3.636749983E+00  6.304123998E-01  3.479023404E+01 
       108  3.636749983E+00  5.970966220E-01  3.479030079E+01 
       109  3.636749983E+00  5.655169487E-01  3.478934546E+01 
       110  3.636749983E+00  5.355829000E-01  3.478732884E+01 
       111  3.636749983E+00  5.072088242E-01  3.478439437E+01 
       112  3.636749983E+00 -1.958139777E+00  3.519164663E+01 
       113  3.636749983E+00 -1.855634093E+00  3.520731684E+01 
       114  3.636749983E+00 -1.758470178E+00  3.521894952E+01 
       115  3.636749983E+00 -1.666369677E+00  3.522754363E+01 
       116  3.636749983E+00 -1.579068542E+00  3.523412329E+01 
       117  3.636749983E+00 -1.496316910E+00  3.523923536E+01 
       118  3.636749983E+00 -1.417877555E+00  3.524329736E+01 
       119  3.636749983E+00 -1.343525767E+00  3.524664284E+01 
       120  3.636749983E+00 -1.273048639E+00  3.524951889E+01 
       121  3.636749983E+00 -1.206244111E+00  3.525209609E+01 
       122  3.636749983E+00 -1.142920852E+00  3.525449848E+01 
       123  3.636749983E+00 -1.082897425E+00  3.525686943E+01 
       124  3.636749983E+00 -1.026002049E+00  3.525930050E+01 
       125  3.636749983E+00 -9.720714092E-01  3.526189509E+01 
       126  3.636749983E+00 -9.209512472E-01  3.526501996E+01 
       127  3.636749983E+00 -8.724950552E-01  3.526810636E+01 
       128  3.636749983E+00 -8.265639544E-01  3.527198658E+01 
       129  3.636749983E+00 -7.830263972E-01  3.527636067E+01 
       130  3.636749983E+00 -7.417576313E-01  3.528127999E+01 
       131  3.636749983E+00 -7.026394606E-01  3.528683143E+01 
       132  3.636749983E+00 -6.655598283E-01  3.529292622E+01 
       133  3.636749983E+00 -2.103052139E-01  3.566500449E+01 
       134  3.636749983E+00 -1.988817900E-01  3.569562417E+01 
       135  3.636749983E+00 -2.223566324E-01  3.563272776E+01 
       136  3.636749983E+00 -2.350706160E-01  3.560093040E+01 
       137  3.636749983E+00 -2.484835535E-01  3.557051849E+01 
       138  3.636749983E+00 -2.626338899E-01  3.554206742E+01 
       139  3.636749983E+00 -2.775621712E-01  3.551587244E+01 
       140  3.636749983E+00 -2.933111489E-01  3.549168149E+01 
       141  3.636749983E+00 -3.099259436E-01  3.546931153E+01 
       142  3.636749983E+00 -3.274541497E-01  3.544880240E+01 
       143  3.636749983E+00 -3.459459841E-01  3.543006524E+01 
       144  3.636749983E+00 -3.654544652E-01  3.541285530E+01 
       145  3.636749983E+00 -3.860354424E-01  3.539695817E+01 
       146  3.636749983E+00 -4.077478647E-01  3.538230844E+01 
       147  3.636749983E+00 -4.306539893E-01  3.536876511E+01 
       148  3.636749983E+00 -4.548193812E-01  3.535625127E+01 
       149  3.636749983E+00 -4.803133011E-01  3.534467463E+01 
       150  3.636749983E+00 -5.072088242E-01  3.533395968E+01 
       151  3.636749983E+00 -5.355829000E-01  3.532413600E+01 
       152  3.636749983E+00 -5.655169487E-01  3.531507298E+01 
       153  3.636749983E+00 -5.970966220E-01  3.530687782E+01 
       154  3.636749983E+00 -6.304123998E-01  3.529944177E+01 
       155  3.636749983E+00 -1.081556454E-02  2.648129247E+01 
       156  3.636749983E+00 -9.787848219E-03  2.645986898E+01 
       157  3.636749983E+00 -1.189978048E-02  2.650489975E+01 
       158  3.636749983E+00 -1.304360293E-02  2.653104814E+01 
       159  3.636749983E+00 -1.425030921E-02  2.656023492E+01 
       160  3.636749983E+00 -1.552335452E-02  2.659305877E+01 
       161  3.636749983E+00 -1.686638780E-02  2.663024197E+01 
       162  3.636749983E+00 -1.828325540E-02  2.667264631E+01 
       163  3.636749983E+00 -1.977801882E-02  2.672125576E+01 
       164  3.636749983E+00 -2.135495842E-02  2.677715593E+01 
       165  3.636749983E+00 -2.301859111E-02  2.684148736E+01 
       166  3.636749983E+00 -2.477368526E-02  2.691540288E+01 
       167  3.636749983E+00 -2.662526816E-02  2.700002365E+01 
       168  3.636749983E+00 -2.857864462E-02  2.709641645E+01 
       169  3.636749983E+00 -3.063941002E-02  2.720556474E+01 
       170  3.636749983E+00 -3.281347081E-02  2.732834416E+01 
       171  3.636749983E+00 -3.510705009E-02  2.746552037E+01 
       172  3.636749983E+00 -3.752672300E-02  2.761775396E+01 
       173  3.636749983E+00 -4.007942230E-02  2.778561079E+01 
       174  3.636749983E+00 -4.277245700E-02  2.796957262E+01 
       175  3.636749983E+00 -4.561354965E-02  2.817005348E+01 
       176  3.636749983E+00 -4.861083254E-02  2.838741781E+01 
       177  3.636749983E+00 -5.177289248E-02  2.862198129E+01 
       178  3.636749983E+00 -5.510879308E-02  2.887400052E+01 
       179  3.636749983E+00 -5.862808973E-02  2.914365924E+01 
       180  3.636749983E+00 -6.234086677E-02  2.943108374E+01 
       181  3.636749983E+00 -6.625775248E-02  2.973633214E+01 
       182  3.636749983E+00 -7.038997859E-02  3.005939918E+01 
       183  3.636749983E+00 -7.474938035E-02  3.040023373E+01 
       184  3.636749983E+00 -7.934844494E-02  3.075905748E+01 
       185  3.636749983E+00 -8.420035243E-02  3.113544956E+01 
       186  3.636749983E+00 -8.931899071E-02  3.152882642E+01 
       187  3.636749983E+00 -9.471904486E-02  3.193895172E+01 
       188  3.636749983E+00 -1.004159674E-01  3.236568600E+01 
       189  3.636749983E+00 -1.064260900E-01  3.280890536E+01 
       190  3.636749983E+00 -1.127666235E-01  3.326845382E+01 
       191  3.636749983E+00 -1.194557324E-01  3.374400621E+01 
       192  3.636749983E+00 -1.265125871E-01  3.423481315E+01 
       193  3.636749983E+00 -1.339574158E-01  3.473923949E+01 
       194  3.636749983E+00 -1.418115199E-01  3.526703147E+01 
       195  3.636749983E+00 -1.500974149E-01  3.578697461E+01 
       196  3.636749983E+00 -1.588388383E-01  3.588951475E+01 
       197  3.636749983E+00 -1.680608392E-01  3.582103015E+01 
       198  3.636749983E+00 -1.777898222E-01  3.575878923E+01 
       199  3.636749983E+00 -1.880536675E-01  3.572384390E+01 
